config_date sensorencloarduino_iddatashiO3_sensoO3_equation         CO_sensCO_equation       shinyieshinyie_equation DHT_id sdcard_idbattery_id
2017-03-02  1     101  102       103    104     (-79.298*x)+312.62  105    (8.9615*x)-12.724 106    (0.0082*x)+10.741107    108      109
2017-03-02  2     201  202       203    204     (-91.851*x)+359.18  205    (10.098*x)-16.347 206    (0.0113*x)+7.7414207    208      209
2017-03-02  3     301  302       303    304     (-60.848*x)+292.2   305    (8.9137*x)-13.585 306    (0.0093*x)+30.995307    308      309
2017-03-02  4     401  402       403    404     (-105.37*x)+417.89  405    (8.8729*x)-13.631 406    (0.0073*x)+31.9  407    408      409
2017-03-02  5     501  502       503    504     (-133.91*x)+529.06  505    (9.7284*x)-13.874 506    (0.012*x)+15.543 507    508      509
2017-03-02  6     601  602       603    604     (-90.897*x)+363.43  605    (8.8023*x)-11.412 606    (0.0112*x)+10.689607    608      609
2017-03-02  7     701  702       703    704     (-113.46*x)+319.47  705    (8.4811*x)-11.585 706    (0.0148*x)+8.3021707    708      709
2017-03-02  8     801  802       803    804     (-81.02*x)+315.33   805    (8.5223*x)-12.808 806    (0.0136*x)+16.426807    808      809
2017-03-02  9     901  902       903    904     (-125.44*x)+477.58  905    (9.7135*x)-14.039 906    (0.0104*x)+11.899907    908      909
2017-03-02  10    1001 1002      1003   1004    (-96.598*x)+382.17  1005   (8.7053*x)-11.495 1006   (0.0119*x)+6.862 1007   1008     1009
2017-03-02  11    1101 1102      1103   1104    (-84.753*x)+318.37  1105   (9.726*x)-14.189  1106   (0.0104*x)+10.7261107   1108     1109
2017-03-02  12    1201 1202      1203   1204    (-88.922*x)+347.97  1205   (9.5062*x)-13.338 1206   (0.0117*x)+5.12441207   1208     1209
2017-03-02  13    1301 1302      1303   1304    (-195.39*x)+789.2   1305   (9.04*x)-13.044   1306   (0.0159*x)+34.7121307   1308     1309
2017-03-02  14    1401 1402      1403   1404    (-186.87*x)+762.88  1405   (9.7973*x)-16.286 1406   (0.0114*x)+7.318 1407   1408     1409
2017-03-02  15    1501 1502      1503   1504    (-78.871*x)+301.97  1505   (10.157*x)-14.132 1506   (0.0181*x)+3.95981507   1508     1509
2017-03-02  16    1601 1602      1603   1604    (-70.917*x)+294.1   1605   (10.207*x)-15.352 1606   (0.0155*x)+15.1511607   1608     1609
2017-03-02  17    1701 1702      1703   1704    (-152.87*x)+588.9   1705   (8.6457*x)-12.081 1706   (0.0108*x)+0.50071707   1708     1709
2017-03-02  18    1801 1802      1803   1804    (-86.382*x)+322.54  1805   (9.0737*x)-13.388 1806   (0.0135*x)+14.6061807   1808     1809
2017-03-02  19    1901 1902      1903   1904    (-77.503*x)+297.6   1905   (9.3527*x)-14.357 1906   (0.0115*x)-8.01851907   1908     1909
2017-03-02  20    2001 2002      2003   2004    (-67.229*x)+272.38  2005   (9.6027*x)-13.962 2006   (0.0128*x)+8.43022007   2008     2009
2017-03-02  21    2101 2102      2103   2104    (-234.77*x)+910.58  2105   (8.2454*x)-10.173 2106   (0.0162*x)+9.00792107   2108     2109
2017-03-02  22    2201 2202      2203   2204    (-164.56*x)+643.16  2205   (8.4805*x)-9.7692 2206   (0.0174*x)+5.58422207   2208     2209
2017-03-02  23    2301 2302      2303   2304    (-250.23*x)+931.22  2305   (8.8092*x)-11.766 2306   (0.0105*x)+9.31072307   2308     2309
2017-03-02  24    2401 2402      2403   2404    (-331.97*x)+1242.6  2405   (8.1722*x)-9.5461 2406   (0.0126*x)+0.44222407   2408     2409
2017-03-02  25    2501 2502      2503   2504    (-159.89*x)+620.41  2505   (9.1323*x)-12.335 2506   (0.0134*x)+13.3562507   2508     2509
2017-03-02  26    2601 2602      2603   2604    (-120.37*x)+467.68  2605   (9.1905*x)-12.235 2606   (0.0163*x)+11.1272607   2608     2609
2017-03-02  27    2701 2702      2703   2704    (-258.77*x)+969.55  2705   (9.0533*x)-13.255 2706   (0.0122*x)+14.2822707   2708     2709
2017-03-02  28    2801 2802      2803   2804    (-265.58*x)+943.24  2805   (9.6571*x)-13.636 2806   (0.0156*x)+14.7042807   2808     2809
2017-03-02  29    2901 2902      2903   2904    (-173.57*x)+658.96  2905   (8.4848*x)-12.759 2906   (0.0117*x)+12.99 2907   2908     2909
2017-03-02  30    3001 3002      3003   3004    (-120.79*x)+461.6   3005   (8.5634*x)-11.612 3006   (0.0108*x)+2.88193007   3008     3009
2017-03-02  31    3101 3102      3103   3104    (-257.91*x)+921.37  3105   (8.5634*x)-11.612 3106   (0.0126*x)+11.3433107   3108     3109
2017-03-02  32    3201 3202      3203   3204    (-697.73*x)+3023.9  3205   (9.0381*x)-14.378 3206   (0.0126*x)+11.3433207   3208     3209
2017-03-02  33    3301 3302      3303   3304    (-351.02*x)+1151    3305   (8.249*x)-11.116  3306   (0.0108*x)+6.61213307   3308     3309
2017-03-02  34    3401 3402      3403   3404    (-239.22*x)+890.59  3405   (8.1721*x)-10.719 3406   (0.0108*x)+6.61213407   3408     3409
2017-03-02  35    3501 3502      3503   3504    (-119.9*x)+459.58   3505   (8.1221*x)-10.497 3506   (0.0146*x)+3.83853507   3508     3509
2017-03-02  36    3601 3602      3603   3604    (-196.53*x)+747.31  3605   (7.7068*x)-10.318 3606   (0.0136*x)+9.69943607   3608     3609
2017-03-02  37    3701 3702      3703   3704    (-121.26*x)+420.94  3705                     3706   (0.0206*x)+9.658 3707   3708     3709
2017-03-02  38    3801 3802      3803   3804    (-120.4*x)+453.84   3805                     3806   (0.0158*x)+17.0993807   3808     3809
2017-03-02  39    3901 3902      3903   3904    (-229.23*x)+775.83  3905                     3906   (0.0201*x)-2.468 3907   3908     3909
2017-03-02  40    4001 4002      4003   4004                        4005                     4006   (0.0082*x)+13.4894007   4008     4009
